[-0.14550461  0.07115949 -0.11951824 -0.03357333  0.03583032 -0.01297392
 -0.08808269  0.14432618 -0.03680412 -0.00292831  0.04971376  0.00732524
  0.04748242 -0.02264601 -0.03174738  0.04079755  0.00797415  0.06414562
 -0.0524079  -0.0783743   0.17491925 -0.09506094  0.04591028  0.01809271
 -0.0346578   0.12266613 -0.14652453 -0.01558187  0.05953897 -0.02958992
  0.04468412  0.147184    0.06808235 -0.11257699  0.00764551  0.01238501
 -0.06305256  0.03255324  0.07822011 -0.04616541 -0.09237474  0.07456227
 -0.04010132  0.22361101  0.11725409 -0.04808528  0.05663308 -0.03859686
 -0.17849462 -0.14960834 -0.04093079 -0.05140872  0.14880295 -0.11059707
 -0.04443799  0.00504366  0.05235616  0.02856737  0.14607398 -0.05434168
  0.05076774 -0.08953208  0.13036379  0.02039044  0.00804566 -0.0436354
  0.15412179  0.01906833  0.03555836  0.2243246  -0.11580205  0.02243372
  0.28568879  0.07060023 -0.03331555  0.08868129  0.0542659   0.06860558
 -0.0119816   0.01292244  0.0374804   0.06558792  0.10188974 -0.03019775
 -0.0177393   0.07876997 -0.03556854 -0.07636981  0.01195935  0.09336092
  0.06953387  0.14636445  0.03158971  0.04540593  0.11605978 -0.06727829
 -0.02206132 -0.03383782 -0.14624529 -0.136401    0.03160965  0.02600753
  0.05913883  0.0960986   0.07252707  0.1616684  -0.20006338 -0.08584516
 -0.12603529 -0.03135815  0.01556137  0.11035727 -0.06113169 -0.0350155
  0.08791341 -0.06911691 -0.14154792  0.09855459 -0.14175691 -0.05305277
 -0.00750387  0.0240364  -0.07605674 -0.0008154   0.04757578 -0.03887492
  0.00189961 -0.05833353][ -1.28698036e-01   1.32560328e-01  -5.99472485e-02  -6.64990908e-03
   3.75268981e-02   1.09272404e-02  -8.39531645e-02   1.04980960e-01
  -9.84518081e-02   2.03134455e-02   3.93323079e-02  -4.70915549e-02
   1.37861192e-01   6.60585016e-02  -1.17678763e-02  -8.18827015e-04
  -4.64166291e-02   4.87091504e-02  -1.11545697e-01  -4.17755060e-02
   2.00101405e-01  -1.58240497e-01   5.99938668e-02  -3.85769010e-02
   5.25331916e-03   1.01070821e-01  -1.13101624e-01  -8.13633949e-02
   5.60688488e-02  -9.85619226e-06  -3.15523408e-02   6.14360124e-02
   1.71765596e-01  -4.55728769e-02  -7.34503567e-02   4.53715809e-02
  -1.04689017e-01  -4.63642478e-02   7.95065165e-02  -1.39492359e-02
  -1.12332761e-01   8.77409279e-02   9.81317088e-03   1.42025128e-01
   6.49499148e-02  -1.54870539e-03   4.74759825e-02   2.25126278e-03
  -1.17840514e-01  -1.04062840e-01  -5.39779998e-02  -6.31349459e-02
   1.60292402e-01  -8.97952169e-02   3.21740005e-03  -7.87915438e-02
   1.80918705e-02  -1.16675794e-02   1.09357722e-01   7.76314214e-02
   7.63942953e-04  -3.09542101e-02   1.16553441e-01  -8.70833844e-02
   1.89317279e-02   8.20991248e-02   2.97328047e-02  -4.63845208e-02
   5.00467308e-02   2.27947727e-01  -9.57870185e-02   6.56796470e-02
   2.69181401e-01   3.96841094e-02  -1.22565990e-02   3.31503674e-02
   9.56483260e-02   6.98410496e-02  -6.60350919e-02   1.88196246e-02
   4.24636155e-02   5.99304251e-02   1.38121828e-01  -3.14296372e-02
  -3.22753377e-02   2.99155582e-02   1.60226021e-02  -8.49750116e-02
   2.29352824e-02   1.40513092e-01   6.35922624e-05   1.21983610e-01
   5.92077486e-02   2.03997246e-03   5.65061122e-02  -5.96559234e-02
   9.63890702e-02   6.39945175e-03  -2.12076053e-01  -1.37659861e-02
   1.94341615e-02   8.84431750e-02   2.06341162e-01   9.38996077e-02
   2.44505871e-02   6.22540712e-02  -1.74039975e-01  -4.99062315e-02
  -9.55239162e-02   1.61478054e-02  -1.35652810e-01   1.37335658e-01
  -1.22262761e-01  -9.83603299e-02   1.46150798e-01  -4.64296453e-02
  -1.44315138e-01   7.86011741e-02  -1.40532494e-01  -7.04518259e-02
  -4.39873524e-02   5.85273914e-02   5.30615710e-02  -2.45230668e-03
   1.74277241e-03   3.11494209e-02   3.79362740e-02   8.22125096e-03][-0.20048511  0.00967701 -0.08531623 -0.07802239  0.0241809  -0.00904884
 -0.05240001  0.12454548 -0.01939888 -0.00484175  0.10229136  0.02921475
  0.00944001  0.03373624  0.00947387  0.11557764  0.01673862  0.0779162
 -0.05086493 -0.11716515  0.20218493 -0.10323928  0.01370829  0.0613934
 -0.03927343  0.17115484 -0.08514525  0.00338358  0.06105452 -0.05265668
  0.05456918  0.23946796  0.06712814 -0.08649966  0.06320706  0.0468181
  0.03001335  0.06250115  0.10445384 -0.0010098  -0.09874143  0.07437237
  0.00972173  0.15751565  0.10312077 -0.07932616  0.10347998 -0.06051774
 -0.15734614 -0.08143961 -0.01083245 -0.00974194  0.0721439  -0.04264972
 -0.0722012   0.05866348  0.07329147  0.12396216  0.14016445 -0.02145611
  0.01936213 -0.0926418   0.13397843  0.03427396 -0.02620999  0.01030185
  0.17274007  0.06432667  0.04927452  0.18213388 -0.14926134  0.01202439
  0.28475663 -0.03863982 -0.04708232  0.05463753  0.0605168   0.09211882
  0.0667977  -0.02099472 -0.02769303  0.05417873  0.1396067  -0.00165667
  0.00764728  0.05309979  0.01832302 -0.06468616 -0.05417578  0.06706101
  0.03548758  0.14514174  0.03292839  0.06915199  0.11920109 -0.11606029
 -0.06741432 -0.050899   -0.05411189 -0.06578451  0.0159882  -0.01515547
  0.09571075  0.11393701  0.10152765  0.13395937 -0.09121825 -0.11512769
 -0.12056357 -0.02065959  0.02919786  0.08720358  0.00223687 -0.02945389
  0.08859617 -0.04520332 -0.11260933  0.09509628 -0.11114915 -0.07257189
 -0.03521514  0.10090961 -0.1307096   0.00029689  0.06599872 -0.06984033
  0.0555748  -0.06028448][ -1.35269970e-01   7.82435909e-02   3.23912874e-02  -3.04447617e-02
   3.26584503e-02   1.01436250e-01  -2.54459288e-02   1.49348276e-02
  -7.19404072e-02  -2.15438325e-02   1.26829118e-01  -1.03744954e-01
   1.38486266e-01  -1.53414933e-02  -4.69036587e-02   1.27848461e-01
  -8.29884876e-03  -1.41389715e-02  -7.41404146e-02  -2.65083201e-02
   1.07238211e-01  -1.87004730e-01   1.52628943e-02  -4.57838662e-02
  -6.17645793e-02   1.33550137e-01  -3.05314884e-02  -6.20058961e-02
   8.08423311e-02   8.26739073e-02  -1.22577630e-01   1.08115762e-01
   1.49278417e-01  -3.59710753e-02  -6.46450743e-02  -1.89344902e-02
  -9.97781828e-02  -4.64061536e-02   9.04305205e-02   4.21123132e-02
  -2.26788640e-01   8.36885199e-02   4.13254723e-02   8.54425207e-02
  -3.21592391e-02  -2.57965662e-02   4.60453741e-02  -2.34647971e-02
  -1.30995914e-01  -1.23768508e-01  -4.04138444e-03  -3.20509858e-02
   7.25486726e-02  -7.71417916e-02   3.71672697e-02  -3.55981141e-02
   1.23602673e-01   5.72184362e-02   1.00939669e-01   5.96587770e-02
   4.31604646e-02   8.94276947e-02   1.14082389e-01   6.59792917e-03
   8.98833349e-02   8.93478319e-02   8.05711746e-02  -6.21822954e-04
   8.71255696e-02   1.47440016e-01  -1.07084773e-01   4.22033109e-02
   2.78330296e-01   1.61001552e-02  -2.31468410e-04   6.94231242e-02
   4.84093800e-02   5.34706414e-02  -1.25175029e-01  -7.80583248e-02
  -3.92192006e-02   8.18889141e-02   9.83818397e-02  -1.05574600e-01
  -1.27424123e-02   7.02775493e-02   2.96682995e-02   4.16902006e-02
   3.17183509e-02   3.59543078e-02  -8.75989348e-02   1.62081882e-01
   1.64476447e-02  -7.42596686e-02   2.16325261e-02  -6.27058595e-02
   1.75850019e-01  -3.86953028e-03  -1.45538837e-01  -3.81896719e-02
  -5.56720831e-02   1.06622487e-01   1.14167966e-01   6.03487939e-02
   5.37701435e-02  -3.70938703e-02  -1.79198146e-01   7.42194727e-02
  -4.35060561e-02  -4.57480375e-04  -4.67030965e-02   9.14929509e-02
  -1.12051286e-01  -1.74695164e-01   6.58249706e-02  -4.00091149e-02
  -9.59866196e-02   1.08141258e-01  -2.06224188e-01  -2.21086526e-03
  -2.31272727e-02   1.46558866e-01   4.95681204e-02   1.34215578e-02
  -5.82049377e-02   7.63154551e-02   2.64837183e-02   2.50520110e-02][-0.20089792  0.05165071 -0.04452661 -0.05640883  0.03754459 -0.05311834
 -0.09293999  0.1058758  -0.03969776  0.0055392   0.01391138  0.03916748
  0.06692167 -0.00380172  0.0423127   0.04695366 -0.03710075  0.04580666
 -0.06513213 -0.08195626  0.21722303 -0.15947613  0.02658968  0.08729924
 -0.05002284  0.22006594 -0.12560092  0.00660957  0.07314669 -0.06205436
  0.08411954  0.11026584  0.13327734 -0.1339663   0.04602448 -0.01007214
 -0.00959738 -0.00674647  0.1389342   0.03381525 -0.13677348  0.09251717
 -0.04404615  0.17246988  0.04348617 -0.05330937  0.11240361 -0.07756171
 -0.14646335 -0.05466999 -0.02497374 -0.0383912   0.08409479 -0.11684284
 -0.02019684  0.02316956  0.07151803  0.10686833  0.13536623  0.01921487
 -0.01944166 -0.08213946  0.16295479 -0.01865313  0.01737871  0.04472973
  0.11407143  0.01596435  0.02857705  0.17232442 -0.09900264  0.02699745
  0.24320841  0.03791533  0.03048991  0.04569045 -0.00270601  0.05299925
  0.05041728 -0.02750884  0.01936606  0.04240741  0.15167835  0.00519747
 -0.03580435  0.05349931  0.02725767 -0.10699103 -0.0320841   0.01098624
 -0.04874355  0.17972745  0.05494201  0.04928235  0.05116584 -0.04953518
 -0.00446675 -0.0386223  -0.12761855 -0.11925565  0.02773555  0.04959652
  0.10123848  0.10038032  0.04922816  0.12120895 -0.16550399 -0.11450034
 -0.1783074  -0.00468856  0.02156124  0.10150855 -0.07400651 -0.00620013
  0.09242685 -0.04983854 -0.14047499  0.05761658 -0.15740922 -0.04183567
 -0.01511871  0.07319342 -0.1325895   0.02435724  0.04393477 -0.04130083
  0.02648204 -0.0530338 ][-0.18571568  0.06535655 -0.09632915 -0.01032669  0.08643395  0.04859863
 -0.07530213  0.06879587 -0.11317051  0.01602275  0.06336355 -0.06320079
  0.12851001  0.01828111 -0.05048601  0.04318158  0.01125762  0.00071696
 -0.06501418 -0.0543505   0.21238917 -0.19150631  0.03660068  0.03936122
 -0.06144445  0.12657039 -0.10857484 -0.07295035  0.10119952 -0.00158789
 -0.00710648  0.077228    0.155485   -0.09488344 -0.00411228 -0.00979406
 -0.04753134 -0.01980774  0.1275474   0.02672277 -0.13702098  0.10826644
 -0.02432205  0.12191808  0.01795404  0.0109444   0.08737395 -0.04170268
 -0.1084742  -0.08870362 -0.0059213  -0.05362187  0.13133793 -0.1197284
  0.02847604 -0.05092191  0.13672252  0.02671651  0.12005055  0.04197005
  0.03857588 -0.00054219  0.13793965 -0.01860006  0.01010763  0.06056308
  0.06786313  0.0093679   0.07766438  0.17872025 -0.1292401   0.04752377
  0.27923051 -0.01012775  0.05286864  0.06287814  0.07567751  0.03820015
 -0.04305915 -0.02601591  0.01264031  0.10895611  0.14802125  0.02234134
 -0.04211435  0.08291424  0.05730645 -0.01006647  0.01733316  0.12718792
 -0.03328302  0.142217    0.06324237 -0.01225306  0.02805383 -0.0879796
  0.0810814   0.03494854 -0.16053255 -0.06579676  0.02422808  0.05594562
  0.13834481  0.08073133  0.04021221  0.06795084 -0.19887698 -0.10210737
 -0.14518125 -0.00899755 -0.05325267  0.09281934 -0.12520503 -0.05929555
  0.12084572 -0.07047674 -0.14248669  0.06604955 -0.1577723  -0.0778349
 -0.00803468  0.08434499 -0.00933244  0.05088772  0.0465874  -0.03487254
  0.02815408 -0.00802545][ -1.99328795e-01   9.11828279e-02  -3.82268056e-02   2.23210845e-02
   4.55156267e-02   2.74335295e-02  -4.71020229e-02   6.03549853e-02
  -7.58843049e-02   4.36320016e-03   1.09212756e-01  -1.58041008e-02
   1.44468233e-01   1.24000143e-02  -4.39418070e-02   6.13146275e-02
  -4.38717976e-02   5.16834781e-02  -1.13850191e-01  -5.75566478e-02
   2.04284698e-01  -1.62345350e-01   2.86624655e-02   8.66829697e-03
  -2.34186165e-02   1.25029087e-01  -1.47527739e-01  -5.75113669e-02
   8.17380026e-02  -7.49283610e-03  -3.80549431e-02   1.17063396e-01
   1.39280215e-01  -3.52020487e-02  -2.20883675e-02   3.99457850e-02
  -6.65240437e-02  -6.01741336e-02   8.78355429e-02  -2.58560269e-03
  -1.14483871e-01   1.07154295e-01  -3.12108360e-02   1.52900338e-01
   8.17681253e-02  -3.71474810e-02   1.14355437e-01  -4.30121049e-02
  -1.88416719e-01  -7.20553026e-02  -2.14476809e-02  -4.70976606e-02
   1.69852674e-01  -1.20861091e-01   5.16288131e-02  -2.87447050e-02
   6.41880184e-02   7.22689694e-03   9.39334407e-02   1.37249259e-02
   1.45597747e-02  -1.70407370e-02   1.30287305e-01  -7.32911974e-02
   2.11424958e-02   8.40389580e-02   1.35068446e-01   2.07021590e-02
   5.17582446e-02   2.03639030e-01  -9.45587605e-02   4.97949943e-02
   2.83589721e-01   6.25974014e-02  -1.50707143e-03   6.43493980e-02
   9.41910893e-02   6.55051395e-02  -6.80507347e-02   1.46574620e-03
   1.93521511e-02   3.55897620e-02   1.21434934e-01  -3.02095227e-02
  -1.75919775e-02   4.55593616e-02  -2.54478361e-02  -8.11789483e-02
   2.99850535e-02   1.21446125e-01  -4.24429625e-02   1.79730877e-01
   1.22737445e-04  -1.39390526e-03   8.42352435e-02  -4.48224954e-02
   6.10514060e-02  -2.00650655e-02  -1.50494963e-01  -1.00948133e-01
   4.68291901e-02   1.13634318e-01   9.38206464e-02   6.37445450e-02
   4.63446341e-02   1.15621030e-01  -2.03957230e-01  -5.21721058e-02
  -1.09330319e-01   4.99464646e-02  -7.94604421e-02   1.04269870e-01
  -7.13642165e-02  -7.89374113e-02   1.26353264e-01  -3.78396176e-02
  -7.79408365e-02   8.27400759e-02  -1.50174856e-01  -7.80011788e-02
  -2.77386922e-02   4.46163453e-02   1.03462534e-02   4.03587595e-02
  -1.68972947e-02   1.27127422e-02   2.66320016e-02  -2.66276672e-02][ -1.29670128e-01   1.28171086e-01   1.17555531e-02  -7.64212832e-02
   5.39408475e-02   3.81124318e-02  -6.76605031e-02   8.63750204e-02
  -1.27558932e-01   3.11669502e-02   6.52372316e-02  -5.64723201e-02
   1.18569024e-01   9.17707756e-02  -6.38200268e-02   8.64407197e-02
  -5.16382679e-02   1.07609923e-03  -9.30423662e-02  -2.59810481e-02
   1.53318346e-01  -1.49793729e-01   1.03226174e-02  -8.88893232e-02
   3.86070162e-02   5.45895025e-02  -7.99464211e-02  -1.20716125e-01
   9.22677219e-02   3.80947180e-02  -9.36594158e-02   4.38832194e-02
   1.71278208e-01  -2.36537382e-02  -9.70655605e-02   2.84870882e-02
  -1.03614062e-01  -6.95801601e-02   1.22202702e-01  -4.92666475e-02
  -1.32587701e-01   1.12732053e-01   5.95488995e-02  -1.91968167e-04
  -2.75037605e-02   4.23921756e-02   9.02098715e-02   2.60818284e-02
  -1.04607001e-01  -4.90713194e-02  -1.86926592e-02  -6.18607812e-02
   1.60786673e-01  -7.65705034e-02   3.50552611e-02  -1.07567020e-01
   3.68900225e-02  -2.22560521e-02   8.40650201e-02   1.38714060e-01
  -7.52701191e-03  -2.08841376e-02   6.66656494e-02  -6.85445219e-02
  -1.89837571e-02   9.90242064e-02  -5.75954951e-02  -5.37287332e-02
   1.19655274e-01   1.86823070e-01  -8.26972276e-02   4.28450070e-02
   2.22370341e-01   8.28782003e-03  -2.30375398e-02   2.20071767e-02
   1.34790286e-01   9.92904752e-02  -1.11409016e-01  -2.80450564e-02
  -2.05921382e-02   7.95729682e-02   1.18829355e-01  -5.91726825e-02
   2.40786765e-02   1.97457876e-02   1.34130828e-02  -5.28173707e-03
   2.27866149e-05   1.69865042e-01  -4.69768699e-03   9.02826190e-02
   5.10651730e-02  -1.42758507e-02   9.79411416e-03  -9.35310647e-02
   1.25192419e-01   6.74370257e-03  -1.66040063e-01   4.14371677e-02
   7.42713036e-03   9.28323492e-02   2.38951355e-01   5.77052683e-02
   2.56993491e-02   8.90913978e-03  -2.02710718e-01   1.01521909e-02
  -8.08196738e-02   4.21168515e-03  -1.70134217e-01   1.30889371e-01
  -1.09405249e-01  -1.27547875e-01   7.92304054e-02  -4.30095568e-02
  -1.22400470e-01   8.32108408e-02  -1.16910003e-01  -6.34218082e-02
  -4.07043472e-02   1.23018906e-01   6.79165348e-02   3.38077359e-02
  -2.63821725e-02   7.12004378e-02   3.69404331e-02  -3.05999722e-02][ -1.38279259e-01   1.54879779e-01  -3.21874134e-02  -2.80789696e-02
   3.73459496e-02   3.25416923e-02  -9.57629234e-02   1.09464839e-01
  -8.40211660e-02   3.33448360e-03  -6.28455682e-03   1.38647873e-02
   1.42939255e-01   7.48650283e-02  -1.94265768e-02  -1.49174416e-02
  -1.29995216e-02   1.50964856e-02  -8.55083093e-02  -5.02308011e-02
   1.90182537e-01  -1.80255741e-01   7.66453072e-02  -4.13846448e-02
   9.00870562e-03   6.89085424e-02  -1.58200517e-01  -7.05882832e-02
   7.90141076e-02   7.26786954e-03   2.33637057e-02   2.48733126e-02
   1.55785203e-01  -3.80942822e-02  -5.00121759e-03   2.11276170e-02
  -9.17070433e-02  -4.20370139e-02   1.12792753e-01  -1.53380679e-02
  -8.89804959e-02   7.38351867e-02  -4.25500311e-02   1.38079911e-01
   2.65196301e-02  -1.81608819e-04   8.40597451e-02  -1.87803467e-03
  -5.26821502e-02  -8.44802186e-02  -3.60224918e-02  -9.08212513e-02
   1.53632984e-01  -1.21465228e-01   2.32805181e-02  -8.24118257e-02
   5.72670922e-02   4.64462955e-03   1.06598042e-01   6.63611740e-02
  -8.24273191e-03  -3.79315689e-02   1.33296713e-01  -4.99050133e-02
   3.11230607e-02   6.54363483e-02   6.08842261e-03  -4.20937836e-02
   4.11853604e-02   2.14872003e-01  -8.90637487e-02   5.58922179e-02
   2.71318227e-01   8.48901421e-02   9.43184365e-03   6.12546578e-02
   1.09627128e-01   4.63932306e-02  -3.59391645e-02   1.26276212e-02
   5.74167669e-02   3.73705216e-02   1.64679289e-01  -2.31423788e-02
  -5.43838181e-02   2.91594584e-02   3.91847417e-02  -6.24315664e-02
  -2.39296574e-02   1.30883008e-01  -3.05414889e-02   1.11342371e-01
   5.38702570e-02   8.13728478e-03   7.25067332e-02  -7.59060979e-02
   9.32120308e-02  -1.87852215e-02  -2.40025893e-01  -4.19864394e-02
   8.55563283e-02   4.34950478e-02   1.53391376e-01   1.16820648e-01
   1.08899726e-02   6.88509569e-02  -2.09727734e-01  -7.91273862e-02
  -1.89854577e-01   4.90460545e-03  -9.93557647e-02   8.54451507e-02
  -1.28227219e-01  -3.22811864e-02   1.46706894e-01  -6.23570383e-02
  -1.27660796e-01   4.16119434e-02  -1.21020041e-01  -9.90891531e-02
  -3.95177938e-02   6.70422688e-02   2.99458876e-02  -1.14319776e-03
   1.68638416e-02   3.83350179e-02   2.67195683e-02  -2.40150746e-02][-0.1620747   0.08278356 -0.03352728  0.01740537  0.05481876  0.09559643
 -0.08007587  0.03033296 -0.10213413 -0.02506419  0.0829148  -0.05723501
  0.12387249  0.04355909 -0.05846277  0.03471764 -0.00934213  0.01073654
 -0.08601844 -0.03357879  0.18629313 -0.19152541  0.03247805 -0.01637678
 -0.06665029  0.15954006 -0.10505741 -0.09053869  0.05409472  0.03614854
 -0.05414917  0.05635593  0.21017338 -0.07739681 -0.03057429  0.01428024
 -0.08237828  0.01134286  0.09275879  0.05169635 -0.17627989  0.040825
  0.00837987  0.08868511 -0.0007183   0.00455952  0.05996326  0.01066414
 -0.11584887 -0.11357092 -0.03505763 -0.02389762  0.1349005  -0.10860053
  0.02567833 -0.05606207  0.1000382   0.02489692  0.13067777  0.06258892
  0.03852246  0.05095035  0.13574225 -0.03355576  0.02270858  0.10397594
  0.06426203 -0.03961853  0.08478987  0.18056627 -0.11165548  0.04170098
  0.26790696 -0.00430779  0.03822245  0.04728318  0.05101167  0.06228188
 -0.10036483 -0.0409726  -0.00097679  0.07481539  0.14937177 -0.07706989
 -0.0441437   0.09977686  0.0329491  -0.02725373  0.02845691  0.09782358
 -0.06933036  0.13960549  0.04179636 -0.05668255  0.00976642 -0.05803117
  0.13277417  0.03697772 -0.1642511  -0.00866039 -0.01421445  0.07531747
  0.10865208  0.07414908  0.04592617  0.02168573 -0.20965284 -0.00158471
 -0.10354583 -0.00761182 -0.09197614  0.08493558 -0.1308118  -0.13322601
  0.14370574 -0.04609836 -0.13376589  0.10435624 -0.15985407 -0.05044787
 -0.05551736  0.10183436  0.0271542   0.02388678 -0.00556416  0.04399286
  0.01740102  0.04156226][-0.14964592  0.10972381  0.01092544 -0.03912155  0.04297271  0.10935269
 -0.0373837   0.04360931 -0.09012958 -0.03469817  0.07784534 -0.0236764
  0.09143635  0.06742121 -0.04697964  0.07089578 -0.03955406 -0.03953403
 -0.0913851  -0.04083115  0.12810509 -0.17379296  0.02271553 -0.11177908
 -0.03034962  0.0564053  -0.10333151 -0.10696779  0.06015067  0.07974105
 -0.09698789  0.08012635  0.13621695 -0.00407596 -0.08151794 -0.0035845
 -0.13302781  0.00848498  0.08564328 -0.03792312 -0.14839379  0.05322423
  0.03768814  0.03496895  0.03403568  0.04437688  0.0860117   0.02504197
 -0.12412646 -0.09262902 -0.00911075 -0.09601511  0.15389317 -0.09894879
  0.03377698 -0.09349111  0.07914965  0.01115494  0.10379306  0.08310615
 -0.00296273  0.06746152  0.07928745 -0.02855392  0.06061388  0.08741729
 -0.00996145 -0.06156725  0.09516316  0.17901608 -0.11478711  0.04879683
  0.26845178  0.07181937 -0.04465048  0.03051714  0.07961261  0.09754162
 -0.15394107 -0.00270816 -0.04360175  0.06864642  0.12113854 -0.12437197
 -0.02059765  0.0499348  -0.02716381  0.03104549  0.01108729  0.14587717
 -0.02809063  0.1655156   0.01814004 -0.06254981  0.02656426 -0.04086754
  0.18629199 -0.00510402 -0.16250996 -0.04108306  0.03178504  0.09269776
  0.15291494  0.03922927  0.03518657 -0.0223569  -0.16823019  0.0317423
 -0.12153629  0.02597033 -0.11032093  0.09984621 -0.08808243 -0.15969147
  0.08844656 -0.0089567  -0.14688081  0.0874926  -0.16478167 -0.06168165
 -0.06146814  0.09386929  0.04378307  0.04615206 -0.06275168  0.07687648
 -0.00856469  0.00929832][-0.15572536  0.0490957  -0.05796199 -0.10392669  0.05672738 -0.07034708
 -0.08765727  0.20196848  0.00194433 -0.07057899 -0.00033839  0.06919977
  0.051856    0.06181016  0.01511481  0.05067813 -0.00190454  0.05796262
 -0.05726827 -0.15559633  0.17637977 -0.14931127  0.0551634   0.06387994
 -0.0272374   0.11980928 -0.0795      0.05152626  0.02553426 -0.03044477
  0.08704028  0.08462299  0.09592783 -0.1032526   0.00894445  0.06775483
 -0.04252621 -0.00647887  0.10481603 -0.03561631 -0.05624258  0.11128256
 -0.01796291  0.18974544  0.15720139 -0.05623789  0.12609389 -0.03697756
 -0.16490801  0.04008328 -0.03709199 -0.11858376  0.06464703 -0.03242336
 -0.07533702  0.05771676  0.01482494  0.04991494  0.08321061 -0.06461605
 -0.0831423  -0.16669215  0.09668079 -0.06541978 -0.0015664   0.03020114
  0.12433996  0.07492766  0.03706285  0.19406898 -0.07829944  0.02556186
  0.19848321  0.04630974 -0.06276664 -0.02139628  0.05068044  0.03587599
  0.08874458  0.03743544  0.01675123 -0.04476866  0.03756171  0.03667876
 -0.03929061 -0.04330852 -0.03705311 -0.10819734 -0.12756532  0.03957026
  0.03521578  0.17521659 -0.02041465  0.01141319  0.15525123 -0.06474337
 -0.14454333 -0.10246236 -0.12124096 -0.13730995  0.08753485 -0.01468224
  0.04902401  0.17030963 -0.0368454   0.22630736 -0.09003603 -0.1258592
 -0.12436534 -0.02550569  0.03326216  0.02011198  0.01586867  0.01543728
  0.11428264  0.03238198 -0.0815785  -0.01916524 -0.13608052 -0.03846275
 -0.05227674  0.061026   -0.09563854 -0.05827749  0.02017     0.01529628
  0.05479668 -0.07575567][-0.12907609  0.0219318  -0.07905695 -0.04437602  0.08934178 -0.03046976
  0.00325327  0.16826729  0.02219175 -0.0553945   0.07339297  0.13348547
  0.07402494  0.11012905  0.00718533  0.05071666 -0.0638567   0.07396929
 -0.1636029  -0.15777583  0.18781123 -0.11941453  0.03775639  0.0064945
 -0.0549038   0.09408254 -0.09182838 -0.04419205  0.05804884 -0.10454006
  0.06320292  0.12739038  0.0463466   0.00582666 -0.02659851  0.08321121
  0.03308507  0.00845334  0.1948652  -0.08379733 -0.07723401  0.18516146
  0.00769415  0.16526984  0.15037613 -0.06099205  0.19469544 -0.06984215
 -0.13760646  0.02373526 -0.04029834  0.00742801  0.12216879 -0.01901467
  0.00994286  0.06854784 -0.06477658  0.04153388  0.02920205  0.03502605
 -0.03482788 -0.14116827  0.12114932 -0.085022    0.02080624  0.02668632
  0.14590323  0.01528129  0.01965998  0.17382352 -0.17387959  0.01635524
  0.19957878 -0.03588994 -0.10299405 -0.06580177  0.01935699  0.06089288
  0.05627185  0.05759919 -0.04208551 -0.03186365  0.05141935  0.01904266
  0.0443377  -0.03471777 -0.11122793 -0.07400548 -0.10837474  0.02484331
  0.02807511  0.14753336 -0.0288804   0.00975951  0.18938591 -0.06923569
 -0.04223675 -0.07212576 -0.02327114 -0.05935849  0.09684491  0.03325694
  0.03684971  0.16710712  0.04062505  0.15921275 -0.03706094 -0.0704216
 -0.14403804  0.04558371 -0.02945594  0.10032417  0.05500497 -0.07796815
  0.10109679 -0.02528663 -0.10618167  0.04311727 -0.08312186 -0.00292435
 -0.09314042  0.05209564 -0.04772712  0.07859082 -0.01868493  0.00978866
  0.04683782 -0.04776463]